999
989
982
975
971
970
969
968
963
961
953
943
941
937
925
914
908
904
891
880
876
869
866
853
848
848
847
845
842
833
833
828
818
808
805
800
800
789
785
782
781
780
774
772
772
762
762
761
754
749
742
737
734
719
707
667
666
652
643
607
607
602
596
570
559
555
555
553
551
549
549
544
527
521
516
496
490
486
479
468
463
459
456
448
448
438
418
410
384
378
372
360
358
358
356
348
342
335
329
327
327
323
322
307
299
277
273
249
235
228
227
221
220
204
202
196
190
186
185
168
144
144
144
134
129
108
105
104
104
84
74
66
55
53
24
23
14
8
-27
-38
-39
-55
-62
-77
-93
-95
-108
-112
-122
-123
-132
-164
-171
-175
-181
-189
-190
-206
-210
-212
-212
-223
-231
-238
-241
-248
-248
-254
-262
-268
-272
-273
-278
-278
-282
-293
-302
-318
-327
-343
-367
-380
-383
-400
-415
-425
-428
-432
-432
-439
-471
-472
-477
-488
-492
-506
-531
-533
-533
-534
-536
-551
-573
-575
-617
-622
-629
-636
-636
-642
-652
-660
-667
-677
-689
-691
-726
-731
-744
-746
-756
-769
-770
-774
-779
-791
-798
-806
-809
-811
-815
-824
-824
-828
-837
-857
-864
-867
-887
-890
-898
-898
-905
-910
-911
-918
-932
-936
-945
-947
-950
-955
-967
-973
-987
-995