-995
-987
-973
-967
-955
-950
-947
-945
-936
-932
-918
-911
-910
-905
-898
-898
-890
-887
-867
-864
-857
-837
-828
-824
-824
-815
-811
-809
-806
-798
-791
-779
-774
-770
-769
-756
-746
-744
-731
-726
-691
-689
-677
-667
-660
-652
-642
-636
-636
-629
-622
-617
-575
-573
-551
-536
-534
-533
-533
-531
-506
-492
-488
-477
-472
-471
-439
-432
-432
-428
-425
-415
-400
-383
-380
-367
-343
-327
-318
-302
-293
-282
-278
-278
-273
-272
-268
-262
-254
-248
-248
-241
-238
-231
-223
-212
-212
-210
-206
-190
-189
-181
-175
-171
-164
-132
-123
-122
-112
-108
-95
-93
-77
-62
-55
-39
-38
-27
8
14
23
24
53
55
66
74
84
104
104
105
108
129
134
144
144
144
168
185
186
190
196
202
204
220
221
227
228
235
249
273
277
299
307
322
323
327
327
329
335
342
348
356
358
358
360
372
378
384
410
418
438
448
448
456
459
463
468
479
486
490
496
516
521
527
544
549
549
551
553
555
555
559
570
596
602
607
607
643
652
666
667
707
719
734
737
742
749
754
761
762
762
772
772
774
780
781
782
785
789
800
800
805
808
818
828
833
833
842
845
847
848
848
853
866
869
876
880
891
904
908
914
925
937
941
943
953
961
963
968
969
970
971
975
982
989
999