-905
-898
941
734
-806
643
-677
961
-273
772
-39
-282
384
828
327
762
937
299
-492
904
227
204
-945
-206
-769
-973
448
975
438
-910
866
-238
-660
-318
805
-636
963
845
104
527
-573
-533
666
14
-947
463
-432
516
-272
800
-181
220
-262
-231
144
-210
-652
104
742
323
-987
-327
-383
555
737
842
202
53
925
-108
789
8
-189
971
847
-864
-248
-824
322
-425
448
-293
-175
914
-756
754
-936
969
-815
667
235
999
378
74
228
-278
-95
785
24
-171
-122
-809
456
762
144
781
-536
-477
-164
-575
-38
185
-93
-428
-811
-400
-629
-248
-887
486
-112
418
-132
848
358
-241
-932
372
307
360
596
553
-551
-534
908
-667
-223
496
707
607
-77
-212
549
-867
774
-691
55
-268
358
880
943
-254
876
833
968
-642
869
772
273
-190
-837
-367
-471
808
335
-731
329
-62
544
-791
953
602
144
853
-779
-380
970
-726
-636
-343
848
186
551
105
-415
-911
23
607
356
652
891
-531
-774
-890
-798
833
-857
-898
-472
479
-918
348
-506
-212
490
761
277
782
559
-828
342
-55
-746
-744
168
221
-824
327
84
-950
521
570
134
549
749
-27
989
-439
190
-617
982
800
-488
818
-302
780
129
-995
-533
-770
459
196
-955
555
249
108
410
66
-622
468
719
-278
-123
-689
-967
-432
